    unsorted:	 1542.125688 1542.125688 1542.125688 1542.125688 1542.125688 1542.125688 1542.125688 1542.125688 1542.125688 1542.125688 1542.125688 1542.125688 2524.092445 2528.390801 2522.304502 2559.059613 2433.577371 2321.864451 2244.986980 2216.565531 2712.674801 1994.967120 1877.966692 3113.190928 1702.530284 1665.098470 1647.137813 3306.658148 3635.840517 3681.266653 4383.145083 4782.806290 6246.680196 6299.850040 6508.013658 5902.879938 5630.835544 6952.019646 7026.619184 7324.482920 7555.001808 7793.697203 11194.82738 11233.93467 11824.86036 11923.95338 11609.96165 12047.45953 12311.07170 12394.51524 12604.68162 12706.46420 12758.05314 11055.87479 13792.95214 13680.67970 13879.34798 10106.40783 8677.821174 9144.923295 14673.39481 14770.80431 14449.44049 15041.50090 15443.83047 15611.32463 15712.54210 15864.74440 16056.25389 16575.60545 16309.28359 16673.89170 16892.82261 17224.03667 17419.01212 18033.60363 18326.09484 18390.44586 18815.60337 19395.57901 19762.97935 723.6716844 20306.93272 20393.89627 433.8490123 21002.49220 21546.63393 21959.01291 22085.40761 22408.57428 22551.44299 22971.60135 23126.07475 23468.83272 24101.12241 24448.04088 25018.80589 25648.99229 27918.24191 28041.63564 28332.38284 28656.69415 28921.25702 29483.76623 30007.41541 30368.40828 31004.64318 32327.26979 33619.47125 34753.33189 38114.65068 40533.21911 43240.22730 45985.46231 46450.80954 48071.22846 58230.43537 64887.90644 242908.8983 329146.9724 624508.2102 2646832.923
      sorted:	 433.8490123 723.6716844 1542.125688 1542.125688 1542.125688 1542.125688 1542.125688 1542.125688 1542.125688 1542.125688 1542.125688 1542.125688 1542.125688 1542.125688 1647.137813 1665.098470 1702.530284 1877.966692 1994.967120 2216.565531 2244.986980 2321.864451 2433.577371 2522.304502 2524.092445 2528.390801 2559.059613 2712.674801 3113.190928 3306.658148 3635.840517 3681.266653 4383.145083 4782.806290 5630.835544 5902.879938 6246.680196 6299.850040 6508.013658 6952.019646 7026.619184 7324.482920 7555.001808 7793.697203 8677.821174 9144.923295 10106.40783 11055.87479 11194.82738 11233.93467 11609.96165 11824.86036 11923.95338 12047.45953 12311.07170 12394.51524 12604.68162 12706.46420 12758.05314 13680.67970 13792.95214 13879.34798 14449.44049 14673.39481 14770.80431 15041.50090 15443.83047 15611.32463 15712.54210 15864.74440 16056.25389 16309.28359 16575.60545 16673.89170 16892.82261 17224.03667 17419.01212 18033.60363 18326.09484 18390.44586 18815.60337 19395.57901 19762.97935 20306.93272 20393.89627 21002.49220 21546.63393 21959.01291 22085.40761 22408.57428 22551.44299 22971.60135 23126.07475 23468.83272 24101.12241 24448.04088 25018.80589 25648.99229 27918.24191 28041.63564 28332.38284 28656.69415 28921.25702 29483.76623 30007.41541 30368.40828 31004.64318 32327.26979 33619.47125 34753.33189 38114.65068 40533.21911 43240.22730 45985.46231 46450.80954 48071.22846 58230.43537 64887.90644 242908.8983 329146.9724 624508.2102 2646832.923
