    unsorted:	 986.9604404 986.9604404 986.9604404 986.9604404 986.9604404 986.9604404 986.9604404 986.9604404 986.9604404 986.9604404 986.9604404 986.9604404 984.0528161 984.4218203 983.6350271 984.7453024 984.8572881 983.1655121 982.6380821 982.0482787 981.3918407 980.6648149 979.8639371 986.3083831 978.9868232 978.0317300 976.9961006 975.8705639 987.7782846 974.6336792 973.2642807 971.7479314 970.0769855 968.2394870 966.2681842 964.1578279 962.7110064 961.9230183 959.6078398 993.2192653 957.2642647 954.9353882 952.6332125 950.5368557 949.3528811 948.0610538 946.3698341 997.8982027 944.4995161 942.0272054 1005.190597 938.3162624 933.1403593 1013.176050 930.2953354 927.5850180 923.3733689 1022.534365 1029.499253 1036.775072 1049.182081 895.4508400 1062.636121 1065.756687 1077.293674 1086.767798 1187.538580 1236.448582 1297.461532 680.1581816 1412.344555 1442.081471 593.9197010 1530.346000 369.2910457 1777.859078 2068.888153 103.7684765 2493.175452 2940.636579 3276.767900 3327.602339 3828.146256 3936.873766 4358.737354 4429.830030 5343.532294 5559.521244 5956.684133 5882.925642 6500.751434 6340.302663 6810.855307 6869.671680 6961.239720 6970.789451 7206.667299 7626.251730 8087.747237 8121.186852 8196.177018 8874.618694 9146.028076 9489.568996 10226.96373 10819.03063 10959.10227 11617.97654 12377.63028 13185.52594 13304.24447 14435.36070 15168.00174 15536.13495 16317.54256 18012.64410 19545.57260 20013.78805 21171.64105 22512.93051 22925.06678 23766.87850 26164.57850 27028.49285 28459.91731 30098.40953 31215.13292 36970.28109 37669.50296 41006.50458 52963.59225 53035.60443 57274.93023 65397.07786 67974.27086 84569.37287 106452.5697 112601.6871 144204.2000 219670.9704 224187.5307 770275.7998 656295946.9
      sorted:	 103.7684765 369.2910457 593.9197010 680.1581816 895.4508400 923.3733689 927.5850180 930.2953354 933.1403593 938.3162624 942.0272054 944.4995161 946.3698341 948.0610538 949.3528811 950.5368557 952.6332125 954.9353882 957.2642647 959.6078398 961.9230183 962.7110064 964.1578279 966.2681842 968.2394870 970.0769855 971.7479314 973.2642807 974.6336792 975.8705639 976.9961006 978.0317300 978.9868232 979.8639371 980.6648149 981.3918407 982.0482787 982.6380821 983.1655121 983.6350271 984.0528161 984.4218203 984.7453024 984.8572881 986.3083831 986.9604404 986.9604404 986.9604404 986.9604404 986.9604404 986.9604404 986.9604404 986.9604404 986.9604404 986.9604404 986.9604404 986.9604404 987.7782846 993.2192653 997.8982027 1005.190597 1013.176050 1022.534365 1029.499253 1036.775072 1049.182081 1062.636121 1065.756687 1077.293674 1086.767798 1187.538580 1236.448582 1297.461532 1412.344555 1442.081471 1530.346000 1777.859078 2068.888153 2493.175452 2940.636579 3276.767900 3327.602339 3828.146256 3936.873766 4358.737354 4429.830030 5343.532294 5559.521244 5882.925642 5956.684133 6340.302663 6500.751434 6810.855307 6869.671680 6961.239720 6970.789451 7206.667299 7626.251730 8087.747237 8121.186852 8196.177018 8874.618694 9146.028076 9489.568996 10226.96373 10819.03063 10959.10227 11617.97654 12377.63028 13185.52594 13304.24447 14435.36070 15168.00174 15536.13495 16317.54256 18012.64410 19545.57260 20013.78805 21171.64105 22512.93051 22925.06678 23766.87850 26164.57850 27028.49285 28459.91731 30098.40953 31215.13292 36970.28109 37669.50296 41006.50458 52963.59225 53035.60443 57274.93023 65397.07786 67974.27086 84569.37287 106452.5697 112601.6871 144204.2000 219670.9704 224187.5307 770275.7998 656295946.9
