    unsorted:	 1542.125688 1542.125688 1542.125688 1542.125688 1542.125688 1542.125688 1542.125688 1542.125688 1542.125688 1542.125688 1542.125688 1542.125688 12634.94417 12725.23866 12772.00138 12458.22631 12357.15261 12993.89748 12086.34800 11971.09056 11854.96078 11636.34361 11228.60507 11345.14563 11195.91210 11022.42139 13721.74670 13942.10129 14329.15622 14703.26921 14772.97778 15055.28136 15649.17518 15747.39196 15912.97637 10131.64900 16530.07674 16658.81760 16918.55317 17245.86156 7674.549019 7709.792734 7655.883474 7802.069372 8766.586182 18018.35091 18338.92735 18629.04553 18764.13669 19341.83649 19418.38297 7304.976184 7050.162051 6989.196073 6565.225261 6336.955557 6274.585600 5933.205499 19812.56549 20131.57447 20522.61744 20827.87636 4885.702097 21584.89465 4432.050493 3735.572077 3717.615869 3388.546546 3156.858993 2853.756660 2577.781855 2482.619716 2401.726094 2304.081120 2240.140293 2207.306988 1997.111232 1882.213341 1702.676563 1668.591214 22375.30926 22171.44658 22561.56298 23123.79863 23480.55271 23580.49494 730.5069522 24408.12081 434.5041572 24952.06972 25133.81148 25602.92692 26444.23682 26970.00260 27058.24702 27632.35857 27780.95980 28361.56281 28589.50874 28706.00193 29993.65690 30401.94557 30998.72508 32166.77828 32486.01096 33339.51602 33736.08343 34034.33847 35166.88034 37857.11379 41977.04265 44248.63012 46795.16259 47141.26402 50856.75527 52221.93290 63424.87101 70081.22053 241267.6707 329497.5175 622801.1010 2651522.895
      sorted:	 434.5041572 730.5069522 1542.125688 1542.125688 1542.125688 1542.125688 1542.125688 1542.125688 1542.125688 1542.125688 1542.125688 1542.125688 1542.125688 1542.125688 1668.591214 1702.676563 1882.213341 1997.111232 2207.306988 2240.140293 2304.081120 2401.726094 2482.619716 2577.781855 2853.756660 3156.858993 3388.546546 3717.615869 3735.572077 4432.050493 4885.702097 5933.205499 6274.585600 6336.955557 6565.225261 6989.196073 7050.162051 7304.976184 7655.883474 7674.549019 7709.792734 7802.069372 8766.586182 10131.64900 11022.42139 11195.91210 11228.60507 11345.14563 11636.34361 11854.96078 11971.09056 12086.34800 12357.15261 12458.22631 12634.94417 12725.23866 12772.00138 12993.89748 13721.74670 13942.10129 14329.15622 14703.26921 14772.97778 15055.28136 15649.17518 15747.39196 15912.97637 16530.07674 16658.81760 16918.55317 17245.86156 18018.35091 18338.92735 18629.04553 18764.13669 19341.83649 19418.38297 19812.56549 20131.57447 20522.61744 20827.87636 21584.89465 22171.44658 22375.30926 22561.56298 23123.79863 23480.55271 23580.49494 24408.12081 24952.06972 25133.81148 25602.92692 26444.23682 26970.00260 27058.24702 27632.35857 27780.95980 28361.56281 28589.50874 28706.00193 29993.65690 30401.94557 30998.72508 32166.77828 32486.01096 33339.51602 33736.08343 34034.33847 35166.88034 37857.11379 41977.04265 44248.63012 46795.16259 47141.26402 50856.75527 52221.93290 63424.87101 70081.22053 241267.6707 329497.5175 622801.1010 2651522.895
