    unsorted:	 1542.125688 1542.125688 1542.125688 1542.125688 1542.125688 1542.125688 1542.125688 1542.125688 1542.125688 1542.125688 1542.125688 1542.125688 12727.40894 12679.39296 12822.89372 12480.18223 12395.70162 12994.38895 12141.58928 12030.18953 11908.79160 11695.62929 11288.69882 11358.06779 11200.34847 13788.61689 13942.78658 10967.97834 14305.65427 14760.04619 14834.04490 15085.88559 15701.17776 15820.40998 15975.92175 16584.02933 16707.09581 16947.01256 17301.60195 10156.50320 18039.67621 18531.33285 18384.85214 18748.69263 19293.67087 19464.42123 19813.02064 20047.23006 20414.76098 20783.74986 7695.624909 7671.832049 7764.617711 8810.193970 7457.728800 7309.622373 7102.647189 7028.651065 6383.303929 6582.633821 6322.043210 5954.944320 21633.21346 22081.71976 22392.23515 22539.93379 23169.50882 23454.43321 23601.24023 4879.982344 4454.879682 3715.536440 3740.300731 3373.585805 3167.645514 2688.979300 2566.213974 2476.077698 2364.300811 2282.210575 2249.000441 1980.901957 1868.036144 1690.893279 1658.805304 24475.21412 24898.31071 25128.58993 25676.45499 732.0409653 26331.99513 26874.60908 26975.12477 27510.50927 27672.36115 437.3182285 28447.84119 28478.13682 28780.55773 30070.98923 30481.20089 31103.55602 32108.27500 32450.09700 33204.34122 33640.33538 33985.12776 35110.96250 37726.64293 41878.67714 44225.32748 46791.23227 47061.02812 50744.29057 51876.07060 52046.75702 63377.31683 69858.72778 230710.9178 327717.1148 618877.4397 2621193.505
      sorted:	 437.3182285 732.0409653 1542.125688 1542.125688 1542.125688 1542.125688 1542.125688 1542.125688 1542.125688 1542.125688 1542.125688 1542.125688 1542.125688 1542.125688 1658.805304 1690.893279 1868.036144 1980.901957 2249.000441 2282.210575 2364.300811 2476.077698 2566.213974 2688.979300 3167.645514 3373.585805 3715.536440 3740.300731 4454.879682 4879.982344 5954.944320 6322.043210 6383.303929 6582.633821 7028.651065 7102.647189 7309.622373 7457.728800 7671.832049 7695.624909 7764.617711 8810.193970 10156.50320 10967.97834 11200.34847 11288.69882 11358.06779 11695.62929 11908.79160 12030.18953 12141.58928 12395.70162 12480.18223 12679.39296 12727.40894 12822.89372 12994.38895 13788.61689 13942.78658 14305.65427 14760.04619 14834.04490 15085.88559 15701.17776 15820.40998 15975.92175 16584.02933 16707.09581 16947.01256 17301.60195 18039.67621 18384.85214 18531.33285 18748.69263 19293.67087 19464.42123 19813.02064 20047.23006 20414.76098 20783.74986 21633.21346 22081.71976 22392.23515 22539.93379 23169.50882 23454.43321 23601.24023 24475.21412 24898.31071 25128.58993 25676.45499 26331.99513 26874.60908 26975.12477 27510.50927 27672.36115 28447.84119 28478.13682 28780.55773 30070.98923 30481.20089 31103.55602 32108.27500 32450.09700 33204.34122 33640.33538 33985.12776 35110.96250 37726.64293 41878.67714 44225.32748 46791.23227 47061.02812 50744.29057 51876.07060 52046.75702 63377.31683 69858.72778 230710.9178 327717.1148 618877.4397 2621193.505
