    unsorted:	 1542.125688 1542.125688 1542.125688 1542.125688 1542.125688 1542.125688 1542.125688 1542.125688 1542.125688 1542.125688 1542.125688 1542.125688 12652.26626 12782.96084 12537.72754 12381.85695 12111.20414 11993.67958 11869.57861 11649.58364 11245.07863 11300.16204 11096.62410 13213.85267 13744.77444 14135.27759 14721.32239 14826.69955 15094.77756 15674.13307 15768.53634 15935.76766 16561.45609 16680.86418 16935.95284 17261.98996 10194.67620 18108.23951 18373.15069 18889.47061 19417.79166 8957.226907 19809.64039 8177.003561 7007.900984 7063.114157 7453.771636 6664.477091 6368.518160 6288.369499 6006.746867 5185.932755 4521.122496 4190.302918 3744.445650 3567.078576 3251.117423 3106.820953 2673.037160 2534.059483 2450.958076 2333.844438 2259.025346 2236.064627 2007.301186 1888.748250 1707.101399 1671.986092 21145.88586 21994.82034 22422.54606 735.1084321 23120.82253 23575.15518 26081.81831 26215.90635 26215.03542 24486.81530 25075.35694 25710.59643 437.5131973 28381.42456 28716.34734 29571.84752 30041.36367 30262.88361 31096.05011 31217.74213 32606.26896 32905.74136 34691.60600 36616.81485 37717.07887 38525.68834 38671.43146 40259.03808 40661.48374 43215.44605 43072.54289 43939.57550 44947.78458 45367.97487 45707.70284 45922.41325 46328.00280 47004.59552 47186.75041 50267.53801 50487.22150 51455.11114 52588.69564 56580.63908 59577.87817 65873.64898 68853.52474 69391.21030 80924.74527 88168.33359 241900.9984 329621.2509 622234.5514 2656828.314
      sorted:	 437.5131973 735.1084321 1542.125688 1542.125688 1542.125688 1542.125688 1542.125688 1542.125688 1542.125688 1542.125688 1542.125688 1542.125688 1542.125688 1542.125688 1671.986092 1707.101399 1888.748250 2007.301186 2236.064627 2259.025346 2333.844438 2450.958076 2534.059483 2673.037160 3106.820953 3251.117423 3567.078576 3744.445650 4190.302918 4521.122496 5185.932755 6006.746867 6288.369499 6368.518160 6664.477091 7007.900984 7063.114157 7453.771636 8177.003561 8957.226907 10194.67620 11096.62410 11245.07863 11300.16204 11649.58364 11869.57861 11993.67958 12111.20414 12381.85695 12537.72754 12652.26626 12782.96084 13213.85267 13744.77444 14135.27759 14721.32239 14826.69955 15094.77756 15674.13307 15768.53634 15935.76766 16561.45609 16680.86418 16935.95284 17261.98996 18108.23951 18373.15069 18889.47061 19417.79166 19809.64039 21145.88586 21994.82034 22422.54606 23120.82253 23575.15518 24486.81530 25075.35694 25710.59643 26081.81831 26215.03542 26215.90635 28381.42456 28716.34734 29571.84752 30041.36367 30262.88361 31096.05011 31217.74213 32606.26896 32905.74136 34691.60600 36616.81485 37717.07887 38525.68834 38671.43146 40259.03808 40661.48374 43072.54289 43215.44605 43939.57550 44947.78458 45367.97487 45707.70284 45922.41325 46328.00280 47004.59552 47186.75041 50267.53801 50487.22150 51455.11114 52588.69564 56580.63908 59577.87817 65873.64898 68853.52474 69391.21030 80924.74527 88168.33359 241900.9984 329621.2509 622234.5514 2656828.314
