    unsorted:	 1542.125688 1542.125688 1542.125688 1542.125688 1542.125688 1542.125688 1542.125688 1542.125688 1542.125688 1542.125688 1542.125688 1542.125688 12940.90740 12740.74644 12624.35293 12503.69293 12255.95366 12124.18620 11994.87367 11789.67071 13179.27964 11415.32688 11435.30906 11220.70737 13922.46014 14173.01251 14882.47830 14975.99261 15124.49854 15793.96627 15938.86019 16085.34055 16679.41654 16793.68139 17025.14318 17406.20211 10214.10308 18208.60562 18505.02728 18904.77230 19508.69670 19803.97196 8996.713033 7072.509017 7193.945596 7457.312880 7898.381173 6671.706859 6469.577248 6381.708733 6022.349023 4985.800469 4517.826981 3804.273154 3791.728025 3447.990353 3221.839746 2608.554088 2525.210856 2735.450165 2411.475780 2325.176142 2284.955380 1980.974150 1868.803714 1692.409420 1660.342062 21060.56988 22009.27396 738.9950026 22555.34236 443.7558216 23279.26848 23728.44482 24621.51517 25070.29271 25339.65359 26131.17254 26213.74329 25911.27146 28594.73867 28808.93936 28944.31991 30166.90948 30454.56289 31303.95558 31160.74743 32399.83826 32838.03761 34725.63283 36264.93910 37331.90765 38257.45849 38426.75182 39912.99370 40447.11199 42859.82972 42931.23265 43843.94962 44730.02683 45071.13263 45453.21209 45620.72673 46091.23802 46523.28375 47063.21350 49804.04312 50294.95088 50985.95842 51874.89472 52171.68887 56097.42550 59091.00338 65449.68311 68381.65233 68848.91591 80620.96156 87632.32734 230112.8093 326996.4146 616527.4639 2620452.458
      sorted:	 443.7558216 738.9950026 1542.125688 1542.125688 1542.125688 1542.125688 1542.125688 1542.125688 1542.125688 1542.125688 1542.125688 1542.125688 1542.125688 1542.125688 1660.342062 1692.409420 1868.803714 1980.974150 2284.955380 2325.176142 2411.475780 2525.210856 2608.554088 2735.450165 3221.839746 3447.990353 3791.728025 3804.273154 4517.826981 4985.800469 6022.349023 6381.708733 6469.577248 6671.706859 7072.509017 7193.945596 7457.312880 7898.381173 8996.713033 10214.10308 11220.70737 11415.32688 11435.30906 11789.67071 11994.87367 12124.18620 12255.95366 12503.69293 12624.35293 12740.74644 12940.90740 13179.27964 13922.46014 14173.01251 14882.47830 14975.99261 15124.49854 15793.96627 15938.86019 16085.34055 16679.41654 16793.68139 17025.14318 17406.20211 18208.60562 18505.02728 18904.77230 19508.69670 19803.97196 21060.56988 22009.27396 22555.34236 23279.26848 23728.44482 24621.51517 25070.29271 25339.65359 25911.27146 26131.17254 26213.74329 28594.73867 28808.93936 28944.31991 30166.90948 30454.56289 31160.74743 31303.95558 32399.83826 32838.03761 34725.63283 36264.93910 37331.90765 38257.45849 38426.75182 39912.99370 40447.11199 42859.82972 42931.23265 43843.94962 44730.02683 45071.13263 45453.21209 45620.72673 46091.23802 46523.28375 47063.21350 49804.04312 50294.95088 50985.95842 51874.89472 52171.68887 56097.42550 59091.00338 65449.68311 68381.65233 68848.91591 80620.96156 87632.32734 230112.8093 326996.4146 616527.4639 2620452.458
