    unsorted:	 1542.125688 1542.125688 1542.125688 1542.125688 1542.125688 1542.125688 1542.125688 1542.125688 1542.125688 1542.125688 1542.125688 1542.125688 12955.95275 12797.42600 12609.48448 12514.16976 12267.91462 12163.23579 12027.70715 13168.64303 11803.44876 11426.44558 11446.78434 11222.50023 13935.06392 14159.29803 14891.62510 15001.14928 15194.93271 15828.17840 15960.87734 16106.70712 16699.88163 16816.77562 17032.03180 17414.35145 10296.94034 18223.52291 18504.18255 18880.91778 19548.44275 19795.96526 9006.981469 7148.486415 7208.606388 7462.740973 7905.299288 6509.431654 6728.364162 6433.700017 6081.846562 5032.188434 4569.579654 3849.828553 3815.741266 3486.844372 3257.114679 2616.161371 2542.642149 2751.746962 2431.361938 2341.479555 2301.456097 1983.979461 1870.393142 1692.727868 1660.301749 21020.39767 22015.66340 739.7722651 22564.23268 23289.31986 445.6773251 23748.20763 24637.31616 25076.44330 25344.53039 26131.23853 26213.33890 25928.26509 28619.29500 28809.99786 28959.08869 30181.39113 30476.65803 31161.85168 31326.27926 32402.88197 32813.79598 34725.81788 36202.94107 37305.67780 38202.52688 38383.38589 39869.82230 40416.56287 42796.47934 42888.26047 43828.08291 44685.98469 45007.40176 45393.97460 45557.70510 46032.88776 46452.07397 47040.00755 49712.96876 50263.42363 50892.33234 51875.09003 52079.75759 56022.61533 58999.38503 65361.86792 68276.99234 68730.70670 80559.17370 87523.85039 231106.1370 326693.1576 615108.9385 2617183.887
      sorted:	 445.6773251 739.7722651 1542.125688 1542.125688 1542.125688 1542.125688 1542.125688 1542.125688 1542.125688 1542.125688 1542.125688 1542.125688 1542.125688 1542.125688 1660.301749 1692.727868 1870.393142 1983.979461 2301.456097 2341.479555 2431.361938 2542.642149 2616.161371 2751.746962 3257.114679 3486.844372 3815.741266 3849.828553 4569.579654 5032.188434 6081.846562 6433.700017 6509.431654 6728.364162 7148.486415 7208.606388 7462.740973 7905.299288 9006.981469 10296.94034 11222.50023 11426.44558 11446.78434 11803.44876 12027.70715 12163.23579 12267.91462 12514.16976 12609.48448 12797.42600 12955.95275 13168.64303 13935.06392 14159.29803 14891.62510 15001.14928 15194.93271 15828.17840 15960.87734 16106.70712 16699.88163 16816.77562 17032.03180 17414.35145 18223.52291 18504.18255 18880.91778 19548.44275 19795.96526 21020.39767 22015.66340 22564.23268 23289.31986 23748.20763 24637.31616 25076.44330 25344.53039 25928.26509 26131.23853 26213.33890 28619.29500 28809.99786 28959.08869 30181.39113 30476.65803 31161.85168 31326.27926 32402.88197 32813.79598 34725.81788 36202.94107 37305.67780 38202.52688 38383.38589 39869.82230 40416.56287 42796.47934 42888.26047 43828.08291 44685.98469 45007.40176 45393.97460 45557.70510 46032.88776 46452.07397 47040.00755 49712.96876 50263.42363 50892.33234 51875.09003 52079.75759 56022.61533 58999.38503 65361.86792 68276.99234 68730.70670 80559.17370 87523.85039 231106.1370 326693.1576 615108.9385 2617183.887
