    unsorted:	 1542.125688 1542.125688 1542.125688 1542.125688 1542.125688 1542.125688 1542.125688 1542.125688 1542.125688 1542.125688 1542.125688 1542.125688 12649.41060 12722.56900 12540.74976 12817.34646 12357.52824 12276.30046 12036.24154 11877.02080 11771.23426 11597.46885 11183.99650 11220.97275 11052.11562 13686.20659 13615.46403 14218.91197 14299.57015 14657.53311 14699.27353 14913.06237 15689.61361 15653.81747 15488.53473 15817.64717 15956.73454 16505.09824 16605.35244 16801.51794 16881.80854 17220.65619 17734.65611 18021.88632 10007.45674 18330.75686 18759.48387 18981.93814 19384.50745 19752.49487 20034.69570 20541.50261 8747.767857 8328.191958 6871.157432 7011.624065 7068.824034 7404.338172 6681.033069 6408.329975 6262.754842 6187.684120 5812.131301 21052.67630 21284.64873 21504.49377 21773.35776 22371.36988 22453.70752 4833.291348 4601.759436 4317.929521 1542.128359 1539.373913 1560.980124 1657.980434 1689.571348 2225.129841 2197.396258 2297.166515 2409.527124 2492.262243 1976.008338 1865.114419 2670.049190 3072.130208 3256.752981 3575.433121 3639.574880 718.1309980 23019.29577 433.8624330 23307.97971 23677.13925 24384.90866 24980.11470 25614.12968 26992.73154 27452.39178 28032.13703 28316.02787 28614.90347 29100.34342 29951.89288 30362.90873 30823.33580 31895.74348 33298.21724 34704.57170 37286.83987 39398.15629 42738.80830 45314.49480 45791.30081 47583.21655 51880.83383 56832.55668 63640.09219 229404.5279 327408.8010 622632.3123 2626243.127
      sorted:	 433.8624330 718.1309980 1539.373913 1542.125688 1542.125688 1542.125688 1542.125688 1542.125688 1542.125688 1542.125688 1542.125688 1542.125688 1542.125688 1542.125688 1542.125688 1542.128359 1560.980124 1657.980434 1689.571348 1865.114419 1976.008338 2197.396258 2225.129841 2297.166515 2409.527124 2492.262243 2670.049190 3072.130208 3256.752981 3575.433121 3639.574880 4317.929521 4601.759436 4833.291348 5812.131301 6187.684120 6262.754842 6408.329975 6681.033069 6871.157432 7011.624065 7068.824034 7404.338172 8328.191958 8747.767857 10007.45674 11052.11562 11183.99650 11220.97275 11597.46885 11771.23426 11877.02080 12036.24154 12276.30046 12357.52824 12540.74976 12649.41060 12722.56900 12817.34646 13615.46403 13686.20659 14218.91197 14299.57015 14657.53311 14699.27353 14913.06237 15488.53473 15653.81747 15689.61361 15817.64717 15956.73454 16505.09824 16605.35244 16801.51794 16881.80854 17220.65619 17734.65611 18021.88632 18330.75686 18759.48387 18981.93814 19384.50745 19752.49487 20034.69570 20541.50261 21052.67630 21284.64873 21504.49377 21773.35776 22371.36988 22453.70752 23019.29577 23307.97971 23677.13925 24384.90866 24980.11470 25614.12968 26992.73154 27452.39178 28032.13703 28316.02787 28614.90347 29100.34342 29951.89288 30362.90873 30823.33580 31895.74348 33298.21724 34704.57170 37286.83987 39398.15629 42738.80830 45314.49480 45791.30081 47583.21655 51880.83383 56832.55668 63640.09219 229404.5279 327408.8010 622632.3123 2626243.127
