    unsorted:	 1542.125688 1542.125688 1542.125688 1542.125688 1542.125688 1542.125688 1542.125688 1542.125688 1542.125688 1542.125688 1542.125688 1542.125688 1542.125741 12638.58446 12580.62253 12715.53230 12806.57721 12353.42837 12245.60917 12022.42816 11884.95629 11803.82711 11589.34755 11169.36199 11210.70942 11042.46001 13675.09363 13606.54013 14204.05283 14289.11714 14644.70527 14690.43314 14969.10966 15687.50460 15646.86656 15498.77739 15812.64376 15954.81799 16504.37975 16609.45261 16799.20878 16881.92899 17208.91170 17730.67932 10073.28910 18019.86238 18316.65441 18742.92250 18982.48938 19399.45446 19741.18098 20025.14732 20527.84748 8737.189523 8324.927765 6925.136775 7004.282340 7065.479486 7411.940968 6683.970682 6442.749717 6269.831666 6225.178530 5852.247585 1542.130937 21013.41123 21279.88606 21496.57609 21763.12815 4850.680693 4611.628661 4348.888203 3601.535784 3654.197792 3278.300753 3091.108176 2230.229752 2204.205309 2306.362597 2417.045650 2504.871532 2686.253477 1982.856308 1868.249212 1690.352308 1657.484756 1561.373987 1437.685618 22363.45047 22446.67049 718.2667965 23004.49035 23297.91785 434.9735872 23664.91569 24374.95656 24963.56518 25608.80219 26982.56690 27447.10155 28023.77172 28311.99916 28608.09056 29097.81229 29955.84615 30357.64364 30830.97852 31903.56666 33283.11671 34700.18210 37289.43151 39387.14438 42770.06351 45298.09015 45804.61921 47583.10775 56833.35251 63658.50902 244340.7827 328710.1458 625900.7733 2644654.531
      sorted:	 434.9735872 718.2667965 1437.685618 1542.125688 1542.125688 1542.125688 1542.125688 1542.125688 1542.125688 1542.125688 1542.125688 1542.125688 1542.125688 1542.125688 1542.125688 1542.125741 1542.130937 1561.373987 1657.484756 1690.352308 1868.249212 1982.856308 2204.205309 2230.229752 2306.362597 2417.045650 2504.871532 2686.253477 3091.108176 3278.300753 3601.535784 3654.197792 4348.888203 4611.628661 4850.680693 5852.247585 6225.178530 6269.831666 6442.749717 6683.970682 6925.136775 7004.282340 7065.479486 7411.940968 8324.927765 8737.189523 10073.28910 11042.46001 11169.36199 11210.70942 11589.34755 11803.82711 11884.95629 12022.42816 12245.60917 12353.42837 12580.62253 12638.58446 12715.53230 12806.57721 13606.54013 13675.09363 14204.05283 14289.11714 14644.70527 14690.43314 14969.10966 15498.77739 15646.86656 15687.50460 15812.64376 15954.81799 16504.37975 16609.45261 16799.20878 16881.92899 17208.91170 17730.67932 18019.86238 18316.65441 18742.92250 18982.48938 19399.45446 19741.18098 20025.14732 20527.84748 21013.41123 21279.88606 21496.57609 21763.12815 22363.45047 22446.67049 23004.49035 23297.91785 23664.91569 24374.95656 24963.56518 25608.80219 26982.56690 27447.10155 28023.77172 28311.99916 28608.09056 29097.81229 29955.84615 30357.64364 30830.97852 31903.56666 33283.11671 34700.18210 37289.43151 39387.14438 42770.06351 45298.09015 45804.61921 47583.10775 56833.35251 63658.50902 244340.7827 328710.1458 625900.7733 2644654.531
