    unsorted:	 1542.125688 1542.125688 1542.125688 1542.125688 1542.125688 1542.125688 1542.125688 1542.125688 1542.125688 1542.125688 1542.125688 1542.125688 12579.50538 12637.01840 12715.21504 12805.27951 12352.48544 12244.95056 12021.49079 11884.30669 11803.09314 11588.22693 11168.93104 11208.92596 11040.78965 13674.34829 13606.02061 14201.93008 14288.55020 14644.14757 14688.56954 14969.31127 15686.56968 15645.32348 15498.58903 15810.58275 15952.93973 16503.29893 16606.36963 16794.68618 16879.92124 17207.87644 17729.58902 18019.37000 10072.64281 18315.47487 18742.17411 18980.36407 19396.75690 19739.23369 20024.30749 20527.80416 8736.402170 8324.669205 6925.545530 7002.561043 7064.970735 7409.477738 6683.691792 6442.100616 6269.557963 6224.161452 5852.124823 21012.91702 21278.02831 21495.51855 21762.27642 22361.20818 22443.98428 4851.058815 4609.863420 4348.923112 1542.128197 3654.445798 3601.204551 3277.891296 3091.211325 2416.817151 2503.668680 2230.501180 2306.528023 2204.451113 2668.173640 1979.063932 1866.707140 1539.469884 1689.873580 1657.926489 1560.390046 23004.15933 23296.57256 23660.11481 718.3819397 435.0080477 24373.37802 24962.30431 25605.95841 26982.50788 27446.33140 28022.18339 28310.28780 28606.80761 29095.52902 29951.31659 30355.57510 30826.52056 31897.77062 33282.18466 34698.20622 37286.36673 39388.20178 42741.03408 45299.51236 45800.28536 47582.86216 51880.72530 56839.16796 63613.46910 230585.6401 327362.1981 622132.6660 2624413.520
      sorted:	 435.0080477 718.3819397 1539.469884 1542.125688 1542.125688 1542.125688 1542.125688 1542.125688 1542.125688 1542.125688 1542.125688 1542.125688 1542.125688 1542.125688 1542.125688 1542.128197 1560.390046 1657.926489 1689.873580 1866.707140 1979.063932 2204.451113 2230.501180 2306.528023 2416.817151 2503.668680 2668.173640 3091.211325 3277.891296 3601.204551 3654.445798 4348.923112 4609.863420 4851.058815 5852.124823 6224.161452 6269.557963 6442.100616 6683.691792 6925.545530 7002.561043 7064.970735 7409.477738 8324.669205 8736.402170 10072.64281 11040.78965 11168.93104 11208.92596 11588.22693 11803.09314 11884.30669 12021.49079 12244.95056 12352.48544 12579.50538 12637.01840 12715.21504 12805.27951 13606.02061 13674.34829 14201.93008 14288.55020 14644.14757 14688.56954 14969.31127 15498.58903 15645.32348 15686.56968 15810.58275 15952.93973 16503.29893 16606.36963 16794.68618 16879.92124 17207.87644 17729.58902 18019.37000 18315.47487 18742.17411 18980.36407 19396.75690 19739.23369 20024.30749 20527.80416 21012.91702 21278.02831 21495.51855 21762.27642 22361.20818 22443.98428 23004.15933 23296.57256 23660.11481 24373.37802 24962.30431 25605.95841 26982.50788 27446.33140 28022.18339 28310.28780 28606.80761 29095.52902 29951.31659 30355.57510 30826.52056 31897.77062 33282.18466 34698.20622 37286.36673 39388.20178 42741.03408 45299.51236 45800.28536 47582.86216 51880.72530 56839.16796 63613.46910 230585.6401 327362.1981 622132.6660 2624413.520
