    unsorted:	 246.7401103 246.7401103 246.7401103 246.7401103 246.7401103 246.7401103 246.7401103 246.7401103 246.7401103 246.7401103 246.7401103 246.7401103 246.9736889 246.9539293 246.9414401 247.0104374 246.9135413 247.0523980 247.1000513 247.1542625 247.2155168 247.2843156 247.3610543 247.4459920 247.5393401 247.6418453 246.6600508 247.7550172 246.6101923 247.8808871 248.0229159 248.1832198 248.3613673 248.5368974 248.6451976 248.8303015 249.0733847 249.3307715 249.5578084 249.7208529 249.8753632 250.0112601 250.1065035 243.5042139 252.2302705 254.9655447 239.0887958 233.6208851 261.6853898 228.0393960 267.3255879 223.9738056 221.9766609 282.5924677 285.4156696 212.0203399 211.0458103 295.0096939 298.7641970 311.1693272 322.3177611 336.1860660 338.2108966 175.5328868 350.6758625 162.8992043 372.3089833 429.2754779 435.3951930 73.10035005 490.5503755 535.6498083 573.7544474 583.7250581 635.5515724 694.6243539 708.4828389 807.6913145 841.4654043 1073.194248 1300.651199 1428.061538 1752.504086 1867.893620 1979.832941 2685.345999 2748.211095 2914.216502 3085.082702 3195.043103 3331.243685 3672.152273 3740.023797 4052.156512 4371.512058 4820.999495 4983.557671 5176.593956 5230.444394 5644.727059 5914.409532 5960.861476 6025.452714 6414.855852 6575.895893 6846.643364 7396.580798 7413.949732 7506.292111 8058.009309 8536.458033 10281.69700 11194.36370 11539.68062 12093.25178 12797.29329 14098.78285 15020.75137 15357.90263 15886.25594 19236.01277 20516.91856 22081.17248 23668.89841 27343.77729 29334.24798 32616.56293 34575.10585 39844.46592 46278.13673 51740.06551 52771.20381 73836.79548 98173.04058 108331.8385 126859.4383 132816.6349 155080.1399 227795.2909 285630.2364 278567.1438 948896.6354 432765862.1
      sorted:	 73.10035005 162.8992043 175.5328868 211.0458103 212.0203399 221.9766609 223.9738056 228.0393960 233.6208851 239.0887958 243.5042139 246.6101923 246.6600508 246.7401103 246.7401103 246.7401103 246.7401103 246.7401103 246.7401103 246.7401103 246.7401103 246.7401103 246.7401103 246.7401103 246.7401103 246.9135413 246.9414401 246.9539293 246.9736889 247.0104374 247.0523980 247.1000513 247.1542625 247.2155168 247.2843156 247.3610543 247.4459920 247.5393401 247.6418453 247.7550172 247.8808871 248.0229159 248.1832198 248.3613673 248.5368974 248.6451976 248.8303015 249.0733847 249.3307715 249.5578084 249.7208529 249.8753632 250.0112601 250.1065035 252.2302705 254.9655447 261.6853898 267.3255879 282.5924677 285.4156696 295.0096939 298.7641970 311.1693272 322.3177611 336.1860660 338.2108966 350.6758625 372.3089833 429.2754779 435.3951930 490.5503755 535.6498083 573.7544474 583.7250581 635.5515724 694.6243539 708.4828389 807.6913145 841.4654043 1073.194248 1300.651199 1428.061538 1752.504086 1867.893620 1979.832941 2685.345999 2748.211095 2914.216502 3085.082702 3195.043103 3331.243685 3672.152273 3740.023797 4052.156512 4371.512058 4820.999495 4983.557671 5176.593956 5230.444394 5644.727059 5914.409532 5960.861476 6025.452714 6414.855852 6575.895893 6846.643364 7396.580798 7413.949732 7506.292111 8058.009309 8536.458033 10281.69700 11194.36370 11539.68062 12093.25178 12797.29329 14098.78285 15020.75137 15357.90263 15886.25594 19236.01277 20516.91856 22081.17248 23668.89841 27343.77729 29334.24798 32616.56293 34575.10585 39844.46592 46278.13673 51740.06551 52771.20381 73836.79548 98173.04058 108331.8385 126859.4383 132816.6349 155080.1399 227795.2909 278567.1438 285630.2364 948896.6354 432765862.1
