    unsorted:	 385.5314222 385.5314222 385.5314222 385.5314222 385.5314222 385.5314222 385.5314222 385.5314222 385.5314222 385.5314222 385.5314222 385.5314222 385.5314596 385.5351499 464.2564678 497.0251324 545.6244980 433.7888970 567.6133553 363.8385477 696.0099301 847.2579248 875.0708459 961.1439546 1015.626919 1075.492265 1297.196329 1478.271157 1733.622353 1666.963446 1822.987345 1939.777891 2144.277436 2427.561427 2387.850269 2662.196891 5155.574292 5230.246640 5279.206443 5063.880277 4946.010351 5469.045062 5524.940494 4752.871974 5813.481897 5940.478094 6004.171144 4496.563022 3845.787439 3922.153584 3394.753373 6227.154662 6528.975567 6703.333319 6875.240008 7342.277273 7436.656703 7611.759483 7922.055445 8156.623320 9476.315379 9925.527387 11234.37337 11135.28678 11104.92732 11350.88842 10638.83403 10444.03420 11563.42312 11650.01708 11950.12183 12423.34557 13150.92940 13439.29194 13594.60157 14074.85790 14331.00808 14426.26768 14510.69575 14748.52958 14912.55985 15166.80078 15476.07817 16304.92372 16581.17647 16987.95581 17839.88506 17754.94049 18011.85900 18633.40842 18522.55744 18776.38585 19011.34470 19599.78682 19886.63169 20724.96395 20968.78444 21346.90389 22522.75636 24703.42248 25304.58675 26073.24893 27822.88575 28499.53137 29045.43006 29697.64311 31635.51577 33009.86924 34936.98844 44041.18234 49226.21476 53103.15223 54813.29523 60291.99947 64506.34749 71032.89137 89124.71668 126288.2119 307371.9184 377676.6495 654769.8381 3101506.465
      sorted:	 363.8385477 385.5314222 385.5314222 385.5314222 385.5314222 385.5314222 385.5314222 385.5314222 385.5314222 385.5314222 385.5314222 385.5314222 385.5314222 385.5314596 385.5351499 433.7888970 464.2564678 497.0251324 545.6244980 567.6133553 696.0099301 847.2579248 875.0708459 961.1439546 1015.626919 1075.492265 1297.196329 1478.271157 1666.963446 1733.622353 1822.987345 1939.777891 2144.277436 2387.850269 2427.561427 2662.196891 3394.753373 3845.787439 3922.153584 4496.563022 4752.871974 4946.010351 5063.880277 5155.574292 5230.246640 5279.206443 5469.045062 5524.940494 5813.481897 5940.478094 6004.171144 6227.154662 6528.975567 6703.333319 6875.240008 7342.277273 7436.656703 7611.759483 7922.055445 8156.623320 9476.315379 9925.527387 10444.03420 10638.83403 11104.92732 11135.28678 11234.37337 11350.88842 11563.42312 11650.01708 11950.12183 12423.34557 13150.92940 13439.29194 13594.60157 14074.85790 14331.00808 14426.26768 14510.69575 14748.52958 14912.55985 15166.80078 15476.07817 16304.92372 16581.17647 16987.95581 17754.94049 17839.88506 18011.85900 18522.55744 18633.40842 18776.38585 19011.34470 19599.78682 19886.63169 20724.96395 20968.78444 21346.90389 22522.75636 24703.42248 25304.58675 26073.24893 27822.88575 28499.53137 29045.43006 29697.64311 31635.51577 33009.86924 34936.98844 44041.18234 49226.21476 53103.15223 54813.29523 60291.99947 64506.34749 71032.89137 89124.71668 126288.2119 307371.9184 377676.6495 654769.8381 3101506.465
