    unsorted:	 1542.125688 1542.125688 1542.125688 1542.125688 1542.125688 1542.125688 1542.125688 1542.125688 1542.125688 1542.125688 1542.125688 1542.125688 11246.90953 11296.49672 11653.39174 11839.90383 11958.11358 12102.11132 11119.17669 12371.52699 12492.68282 12596.32210 12772.34406 12885.29661 10671.39963 13740.23225 14019.30290 14708.77981 14743.67420 14929.94783 15412.07675 15618.91043 15737.73254 15889.95111 16170.07984 16558.76328 16678.47111 17026.03021 16913.77361 17269.43130 17455.56395 17853.90244 10051.82879 18224.47011 18396.33715 18803.86399 19033.65915 19410.86914 9399.482586 19808.83789 19962.36773 8787.677373 8331.148803 7067.295275 6926.091765 6857.367907 7410.999030 6477.220591 6319.946132 6239.960936 5861.983406 4305.149982 4275.884609 4377.605478 4206.856422 4795.795725 3635.732380 3691.017507 3306.868637 3112.045557 2676.697247 2527.443364 2440.689931 2327.568296 2252.148063 2220.858033 1976.825026 1865.702757 1690.026706 1658.402758 21075.41854 21596.92331 21978.09516 22557.05195 22454.62740 23104.19105 23458.16374 23647.95402 23758.05984 24223.15505 24367.26145 24644.96199 25027.64084 727.2775756 433.6582976 25460.31841 25891.46564 28388.06218 28706.68316 29231.16819 29816.73978 30055.71678 30298.91201 30484.72437 30667.88216 31311.01131 32895.54576 34518.55808 35102.28408 39490.22227 42088.21410 44263.41509 46500.54084 47775.23290 49258.81514 51876.91964 60026.70918 66604.12515 229546.5852 328103.8472 620936.1466 2624633.739
      sorted:	 433.6582976 727.2775756 1542.125688 1542.125688 1542.125688 1542.125688 1542.125688 1542.125688 1542.125688 1542.125688 1542.125688 1542.125688 1542.125688 1542.125688 1658.402758 1690.026706 1865.702757 1976.825026 2220.858033 2252.148063 2327.568296 2440.689931 2527.443364 2676.697247 3112.045557 3306.868637 3635.732380 3691.017507 4206.856422 4275.884609 4305.149982 4377.605478 4795.795725 5861.983406 6239.960936 6319.946132 6477.220591 6857.367907 6926.091765 7067.295275 7410.999030 8331.148803 8787.677373 9399.482586 10051.82879 10671.39963 11119.17669 11246.90953 11296.49672 11653.39174 11839.90383 11958.11358 12102.11132 12371.52699 12492.68282 12596.32210 12772.34406 12885.29661 13740.23225 14019.30290 14708.77981 14743.67420 14929.94783 15412.07675 15618.91043 15737.73254 15889.95111 16170.07984 16558.76328 16678.47111 16913.77361 17026.03021 17269.43130 17455.56395 17853.90244 18224.47011 18396.33715 18803.86399 19033.65915 19410.86914 19808.83789 19962.36773 21075.41854 21596.92331 21978.09516 22454.62740 22557.05195 23104.19105 23458.16374 23647.95402 23758.05984 24223.15505 24367.26145 24644.96199 25027.64084 25460.31841 25891.46564 28388.06218 28706.68316 29231.16819 29816.73978 30055.71678 30298.91201 30484.72437 30667.88216 31311.01131 32895.54576 34518.55808 35102.28408 39490.22227 42088.21410 44263.41509 46500.54084 47775.23290 49258.81514 51876.91964 60026.70918 66604.12515 229546.5852 328103.8472 620936.1466 2624633.739
