    unsorted:	 1542.125688 1542.125688 1542.125688 1542.125688 1542.125688 1542.125688 1542.125688 1542.125688 1542.125688 1542.125688 1542.125688 1542.125688 11978.29393 11863.59770 12094.87567 11650.53008 11237.23133 11291.19486 12367.39454 12466.73437 12638.81902 12767.23778 12872.89253 11112.91092 13731.75945 14000.37770 14700.40243 14735.17515 14995.51945 15394.07951 15637.27178 15734.62149 15887.84576 16159.36032 16565.40338 16681.40186 17005.18987 16916.64414 17260.95366 17429.93217 10663.39381 17841.91310 10118.39190 18218.45140 18386.53789 18783.89402 19031.84375 19430.41147 9390.614161 19793.70799 19949.82549 8779.289014 8327.664069 7063.925003 6984.538599 7417.120943 6860.722733 6518.720654 6333.360459 6280.242885 5905.874604 4275.900038 4304.739513 4413.673079 4207.408346 4826.675190 3666.609844 3707.166193 3331.684317 3134.485065 2676.549833 2539.821653 2450.300937 2339.057058 2259.798786 2229.743184 1979.886719 1867.306200 1690.341438 1658.358294 21021.16360 21585.97021 21950.57763 22532.48183 22452.36185 23092.60767 23450.44543 23631.66648 23742.45470 24199.76851 24356.59641 24628.53045 25014.94821 727.7463854 435.0115592 25448.37505 25878.26212 28388.83895 28703.48666 29219.53077 29793.81928 30053.68875 30293.50208 30477.99512 30644.84196 31313.45245 32885.46699 34514.41068 35075.28558 39472.46204 42076.78512 44267.23903 46492.67955 47767.80075 49237.41405 51876.91828 60036.47365 66564.12165 230685.8426 327985.9568 620262.0427 2622541.780
      sorted:	 435.0115592 727.7463854 1542.125688 1542.125688 1542.125688 1542.125688 1542.125688 1542.125688 1542.125688 1542.125688 1542.125688 1542.125688 1542.125688 1542.125688 1658.358294 1690.341438 1867.306200 1979.886719 2229.743184 2259.798786 2339.057058 2450.300937 2539.821653 2676.549833 3134.485065 3331.684317 3666.609844 3707.166193 4207.408346 4275.900038 4304.739513 4413.673079 4826.675190 5905.874604 6280.242885 6333.360459 6518.720654 6860.722733 6984.538599 7063.925003 7417.120943 8327.664069 8779.289014 9390.614161 10118.39190 10663.39381 11112.91092 11237.23133 11291.19486 11650.53008 11863.59770 11978.29393 12094.87567 12367.39454 12466.73437 12638.81902 12767.23778 12872.89253 13731.75945 14000.37770 14700.40243 14735.17515 14995.51945 15394.07951 15637.27178 15734.62149 15887.84576 16159.36032 16565.40338 16681.40186 16916.64414 17005.18987 17260.95366 17429.93217 17841.91310 18218.45140 18386.53789 18783.89402 19031.84375 19430.41147 19793.70799 19949.82549 21021.16360 21585.97021 21950.57763 22452.36185 22532.48183 23092.60767 23450.44543 23631.66648 23742.45470 24199.76851 24356.59641 24628.53045 25014.94821 25448.37505 25878.26212 28388.83895 28703.48666 29219.53077 29793.81928 30053.68875 30293.50208 30477.99512 30644.84196 31313.45245 32885.46699 34514.41068 35075.28558 39472.46204 42076.78512 44267.23903 46492.67955 47767.80075 49237.41405 51876.91828 60036.47365 66564.12165 230685.8426 327985.9568 620262.0427 2622541.780
