    unsorted:	 1542.125688 1542.125688 1542.125688 1542.125688 1542.125688 1542.125688 1542.125688 1542.125688 1542.125688 1542.125688 1542.125688 1542.125688 12347.34605 12453.43630 12621.63436 12744.15217 12862.97214 12070.42390 11953.56682 11841.21578 11624.29537 11213.03009 11266.21640 11083.85620 13704.00650 13990.09342 14674.88537 14709.22230 14986.01818 15422.72292 15631.15240 15700.03184 15857.49053 16171.87952 16546.39821 16664.38227 17038.09620 16909.29391 17236.36491 17466.10669 17859.52031 10689.01536 10109.53404 18212.48755 18368.34527 18792.99680 19048.07631 19403.70351 9410.789437 19793.55721 19970.46362 8759.551890 8337.076775 7042.470905 6972.307421 6894.112385 7431.188256 6519.346642 6315.647661 6261.736656 4267.860896 5901.481187 4282.765857 4314.470573 4406.737624 4828.639830 3670.751108 3700.446440 3336.366430 3132.065559 2749.109012 2539.361013 2448.926630 2339.625892 2261.216148 2226.556756 2029.216275 1947.259826 1869.065695 1698.110849 1665.397658 21040.33452 21572.30016 21976.50841 22564.57684 22414.41595 23071.80037 23430.65518 23653.83808 23763.68212 24235.92145 24344.61753 24640.06940 25002.59266 727.2610009 25446.66261 433.9802067 25875.20485 28346.24034 28670.97017 29236.18468 29831.10574 30023.22364 30271.84639 30460.53054 30673.60727 31272.91630 32880.55077 34499.14927 35119.77889 39499.15489 42107.20622 44286.82299 46508.38610 47792.86735 49295.63927 60078.79042 66684.27054 241936.6530 329352.4926 623563.1943 2648949.159
      sorted:	 433.9802067 727.2610009 1542.125688 1542.125688 1542.125688 1542.125688 1542.125688 1542.125688 1542.125688 1542.125688 1542.125688 1542.125688 1542.125688 1542.125688 1665.397658 1698.110849 1869.065695 1947.259826 2029.216275 2226.556756 2261.216148 2339.625892 2448.926630 2539.361013 2749.109012 3132.065559 3336.366430 3670.751108 3700.446440 4267.860896 4282.765857 4314.470573 4406.737624 4828.639830 5901.481187 6261.736656 6315.647661 6519.346642 6894.112385 6972.307421 7042.470905 7431.188256 8337.076775 8759.551890 9410.789437 10109.53404 10689.01536 11083.85620 11213.03009 11266.21640 11624.29537 11841.21578 11953.56682 12070.42390 12347.34605 12453.43630 12621.63436 12744.15217 12862.97214 13704.00650 13990.09342 14674.88537 14709.22230 14986.01818 15422.72292 15631.15240 15700.03184 15857.49053 16171.87952 16546.39821 16664.38227 16909.29391 17038.09620 17236.36491 17466.10669 17859.52031 18212.48755 18368.34527 18792.99680 19048.07631 19403.70351 19793.55721 19970.46362 21040.33452 21572.30016 21976.50841 22414.41595 22564.57684 23071.80037 23430.65518 23653.83808 23763.68212 24235.92145 24344.61753 24640.06940 25002.59266 25446.66261 25875.20485 28346.24034 28670.97017 29236.18468 29831.10574 30023.22364 30271.84639 30460.53054 30673.60727 31272.91630 32880.55077 34499.14927 35119.77889 39499.15489 42107.20622 44286.82299 46508.38610 47792.86735 49295.63927 60078.79042 66684.27054 241936.6530 329352.4926 623563.1943 2648949.159
