    unsorted:	 1542.125688 1542.125688 1542.125688 1542.125688 1542.125688 1542.125688 1542.125688 1542.125688 1542.125688 1542.125688 1542.125688 1542.125688 12789.96246 12658.72948 12581.11241 12391.33095 12128.82227 12006.00771 11876.00574 11654.28328 11249.26009 11343.55574 11122.31791 13765.85940 13541.02137 14295.97128 14728.63251 14922.50564 15191.84605 15695.84802 15778.57496 15944.51904 10294.42832 16581.23527 16689.49483 16946.68592 17269.04444 9482.930101 8506.924017 7013.518032 7066.987671 6788.103130 6391.873860 6292.203521 7510.894734 6111.058663 5599.828046 18157.40218 18397.13379 4642.316199 4359.894540 2338.394657 2456.254961 2262.960357 2239.156342 2540.755957 2690.767343 2009.632146 1890.381794 3129.149678 3283.964235 3611.075716 3755.678850 1708.264637 1672.880419 18987.82480 19424.63365 736.4314856 19853.60133 442.4034643 21291.30709 22362.77647 22521.07121 23150.08618 23728.60147 24586.04229 25175.74283 25858.74900 28391.73585 28739.83792 30018.16288 30266.95698 31190.36074 33302.04982 35016.97365 45077.73484 46957.42028 99743.79390 100237.8759 100086.7879 118315.5186 118076.9507 118875.5858 119108.3711 117433.4774 119837.1604 121352.1470 120606.3222 114676.4008 114187.8864 112962.1288 112252.2586 111314.0447 121899.1010 109426.0287 106442.5057 104890.9786 103352.4208 123689.8385 124302.2477 126974.1310 129096.3230 131043.7068 138013.0329 139599.8335 143149.9070 151553.5464 160057.5090 252049.4310 329975.5271 622493.4275 2660179.653
      sorted:	 442.4034643 736.4314856 1542.125688 1542.125688 1542.125688 1542.125688 1542.125688 1542.125688 1542.125688 1542.125688 1542.125688 1542.125688 1542.125688 1542.125688 1672.880419 1708.264637 1890.381794 2009.632146 2239.156342 2262.960357 2338.394657 2456.254961 2540.755957 2690.767343 3129.149678 3283.964235 3611.075716 3755.678850 4359.894540 4642.316199 5599.828046 6111.058663 6292.203521 6391.873860 6788.103130 7013.518032 7066.987671 7510.894734 8506.924017 9482.930101 10294.42832 11122.31791 11249.26009 11343.55574 11654.28328 11876.00574 12006.00771 12128.82227 12391.33095 12581.11241 12658.72948 12789.96246 13541.02137 13765.85940 14295.97128 14728.63251 14922.50564 15191.84605 15695.84802 15778.57496 15944.51904 16581.23527 16689.49483 16946.68592 17269.04444 18157.40218 18397.13379 18987.82480 19424.63365 19853.60133 21291.30709 22362.77647 22521.07121 23150.08618 23728.60147 24586.04229 25175.74283 25858.74900 28391.73585 28739.83792 30018.16288 30266.95698 31190.36074 33302.04982 35016.97365 45077.73484 46957.42028 99743.79390 100086.7879 100237.8759 103352.4208 104890.9786 106442.5057 109426.0287 111314.0447 112252.2586 112962.1288 114187.8864 114676.4008 117433.4774 118076.9507 118315.5186 118875.5858 119108.3711 119837.1604 120606.3222 121352.1470 121899.1010 123689.8385 124302.2477 126974.1310 129096.3230 131043.7068 138013.0329 139599.8335 143149.9070 151553.5464 160057.5090 252049.4310 329975.5271 622493.4275 2660179.653
