    unsorted:	 1542.125688 1542.125688 1542.125688 1542.125688 1542.125688 1542.125688 1542.125688 1542.125688 1542.125688 1542.125688 1542.125688 1542.125688 12634.01001 12732.89571 12822.11970 12497.35066 12401.95974 13007.14678 12144.11962 12004.75697 11884.40717 11693.57766 11293.14206 11356.31122 11201.14687 13791.40316 13953.23430 10981.64053 14315.50770 14764.44800 14829.70897 15022.68608 15681.15602 15813.74130 15968.55652 16577.34001 16695.20018 16944.07611 17305.69120 10085.24045 18039.91790 18564.46356 18397.13491 18775.50266 19286.00925 19441.01962 19827.84801 20074.41939 20451.11672 20820.68165 7695.391888 7668.964735 7765.026233 8815.606676 7454.182247 7307.161306 7100.966366 6965.387189 6536.536457 6362.340854 6279.062227 5906.922211 21634.36666 22112.56797 22411.85252 22559.45796 23178.38855 23472.17964 23604.88248 4845.170855 4414.671582 3680.917022 3722.040685 3345.244775 3141.969251 2686.451695 2553.818950 2464.232960 2350.731701 2272.369724 2238.267643 1977.835464 1866.421972 1690.566723 1658.839842 24476.72395 24928.26276 25142.46175 25675.79906 731.4445153 26369.43986 26905.56315 26998.53309 27548.09353 27703.58230 435.8031389 28443.88857 28505.15893 28778.41105 30066.48030 30476.91935 31092.82827 32128.52990 32465.51550 33245.20225 33676.05598 34007.89180 35136.84304 37760.25586 41907.01638 44225.41249 46792.22881 47077.89643 50775.46612 51876.00717 52089.83743 63371.83496 69914.61188 229609.1289 327889.3774 619727.6759 2623566.831
      sorted:	 435.8031389 731.4445153 1542.125688 1542.125688 1542.125688 1542.125688 1542.125688 1542.125688 1542.125688 1542.125688 1542.125688 1542.125688 1542.125688 1542.125688 1658.839842 1690.566723 1866.421972 1977.835464 2238.267643 2272.369724 2350.731701 2464.232960 2553.818950 2686.451695 3141.969251 3345.244775 3680.917022 3722.040685 4414.671582 4845.170855 5906.922211 6279.062227 6362.340854 6536.536457 6965.387189 7100.966366 7307.161306 7454.182247 7668.964735 7695.391888 7765.026233 8815.606676 10085.24045 10981.64053 11201.14687 11293.14206 11356.31122 11693.57766 11884.40717 12004.75697 12144.11962 12401.95974 12497.35066 12634.01001 12732.89571 12822.11970 13007.14678 13791.40316 13953.23430 14315.50770 14764.44800 14829.70897 15022.68608 15681.15602 15813.74130 15968.55652 16577.34001 16695.20018 16944.07611 17305.69120 18039.91790 18397.13491 18564.46356 18775.50266 19286.00925 19441.01962 19827.84801 20074.41939 20451.11672 20820.68165 21634.36666 22112.56797 22411.85252 22559.45796 23178.38855 23472.17964 23604.88248 24476.72395 24928.26276 25142.46175 25675.79906 26369.43986 26905.56315 26998.53309 27548.09353 27703.58230 28443.88857 28505.15893 28778.41105 30066.48030 30476.91935 31092.82827 32128.52990 32465.51550 33245.20225 33676.05598 34007.89180 35136.84304 37760.25586 41907.01638 44225.41249 46792.22881 47077.89643 50775.46612 51876.00717 52089.83743 63371.83496 69914.61188 229609.1289 327889.3774 619727.6759 2623566.831
