    unsorted:	 1542.125688 1542.125688 1542.125688 1542.125688 1542.125688 1542.125688 1542.125688 1542.125688 1542.125688 1542.125688 1542.125688 1542.125688 1542.125740 16480.21567 16563.78140 16297.55436 16731.74450 16137.02849 15995.19962 15877.28563 16836.17551 17188.14828 17441.03242 17551.54266 17761.49040 15364.56773 14992.75014 14856.39142 14388.53824 14429.85670 14176.53901 18197.22182 18346.93319 13330.31135 13286.17155 13587.48342 13012.79705 12826.56280 12465.06880 12218.36169 12115.02612 19069.84984 19212.95432 19297.94443 19671.58165 20230.22480 20188.39987 20063.18560 20311.09484 11420.46844 11181.60310 10986.49403 20859.94562 21068.11218 21406.82674 10173.43783 9723.345683 8994.988156 8770.138575 7981.183419 7255.293639 7168.076912 7386.514406 7615.706220 7008.032199 6946.436674 6807.292977 6226.397424 5947.072446 22357.38896 22651.55410 23187.58346 23285.27782 1542.129090 5090.352084 4767.039941 4653.811035 4106.809057 3832.298063 3222.059857 3027.645548 2909.669508 2306.488431 2372.498340 2477.533598 2125.753770 2077.232772 2021.295303 1816.187284 1724.774439 1623.930887 1606.610260 1441.825161 23556.24875 698.0905532 444.4008847 24629.65689 25244.96968 25771.09974 26041.46564 27040.75589 27293.65441 27820.47229 28050.51291 28388.25920 29315.64758 29958.77649 32592.44081 35021.47327 35994.94328 39733.28113 43262.24477 44330.65200 45319.39314 49219.38245 53549.16123 57603.08620 61410.88545 249637.8189 329801.6124 635023.1113 2781354.909
      sorted:	 444.4008847 698.0905532 1441.825161 1542.125688 1542.125688 1542.125688 1542.125688 1542.125688 1542.125688 1542.125688 1542.125688 1542.125688 1542.125688 1542.125688 1542.125688 1542.125740 1542.129090 1606.610260 1623.930887 1724.774439 1816.187284 2021.295303 2077.232772 2125.753770 2306.488431 2372.498340 2477.533598 2909.669508 3027.645548 3222.059857 3832.298063 4106.809057 4653.811035 4767.039941 5090.352084 5947.072446 6226.397424 6807.292977 6946.436674 7008.032199 7168.076912 7255.293639 7386.514406 7615.706220 7981.183419 8770.138575 8994.988156 9723.345683 10173.43783 10986.49403 11181.60310 11420.46844 12115.02612 12218.36169 12465.06880 12826.56280 13012.79705 13286.17155 13330.31135 13587.48342 14176.53901 14388.53824 14429.85670 14856.39142 14992.75014 15364.56773 15877.28563 15995.19962 16137.02849 16297.55436 16480.21567 16563.78140 16731.74450 16836.17551 17188.14828 17441.03242 17551.54266 17761.49040 18197.22182 18346.93319 19069.84984 19212.95432 19297.94443 19671.58165 20063.18560 20188.39987 20230.22480 20311.09484 20859.94562 21068.11218 21406.82674 22357.38896 22651.55410 23187.58346 23285.27782 23556.24875 24629.65689 25244.96968 25771.09974 26041.46564 27040.75589 27293.65441 27820.47229 28050.51291 28388.25920 29315.64758 29958.77649 32592.44081 35021.47327 35994.94328 39733.28113 43262.24477 44330.65200 45319.39314 49219.38245 53549.16123 57603.08620 61410.88545 249637.8189 329801.6124 635023.1113 2781354.909
