    unsorted:	 1542.125688 1542.125688 1542.125688 1542.125688 1542.125688 1542.125688 1542.125688 1542.125688 1542.125688 1542.125688 1542.125688 1542.125688 12234.70202 12110.63211 12375.62571 12604.74857 12749.79313 12844.14033 13057.28191 11879.15423 11532.81217 11543.17659 11320.71589 13467.17195 14039.85581 15121.90492 14294.56089 14996.24523 15261.40725 15900.71617 16054.61096 16198.35393 10328.59558 16772.83735 16869.30971 17112.00383 17502.29679 9194.099292 18356.28108 18615.18293 19029.90211 8113.359838 7176.458346 7278.879788 7526.719691 6803.691521 6569.437257 6480.675396 6135.157547 5132.308487 4618.993421 3847.481204 3929.432043 3548.078205 3299.794524 2636.462747 2579.686826 2469.060252 2375.911683 2331.312004 2815.760195 1984.121713 1871.291695 1694.371723 1661.950050 19579.05114 19885.16023 742.6135040 453.3446338 21288.51363 22377.01324 22631.55888 23412.12496 23971.52253 24851.54841 25424.88923 26099.67084 28736.78736 29047.45526 30259.43684 30599.57028 31463.61030 33168.18152 34941.53113 45172.98819 46994.94971 51875.12330 118177.9633 117879.6987 117785.2217 118571.3742 119101.7456 116730.0933 119884.7909 120676.8072 113700.4094 114263.2144 112403.0690 111698.0777 121167.4227 110114.3716 108183.9453 105727.9003 104858.7403 123280.4230 123597.4764 100164.2287 99861.59892 101282.7462 126143.5099 127910.1945 85598.38644 130203.4129 136820.4761 138628.5440 142043.6617 150424.6834 158845.3136 236932.3145 326483.3178 613357.2440 2615752.471
      sorted:	 453.3446338 742.6135040 1542.125688 1542.125688 1542.125688 1542.125688 1542.125688 1542.125688 1542.125688 1542.125688 1542.125688 1542.125688 1542.125688 1542.125688 1661.950050 1694.371723 1871.291695 1984.121713 2331.312004 2375.911683 2469.060252 2579.686826 2636.462747 2815.760195 3299.794524 3548.078205 3847.481204 3929.432043 4618.993421 5132.308487 6135.157547 6480.675396 6569.437257 6803.691521 7176.458346 7278.879788 7526.719691 8113.359838 9194.099292 10328.59558 11320.71589 11532.81217 11543.17659 11879.15423 12110.63211 12234.70202 12375.62571 12604.74857 12749.79313 12844.14033 13057.28191 13467.17195 14039.85581 14294.56089 14996.24523 15121.90492 15261.40725 15900.71617 16054.61096 16198.35393 16772.83735 16869.30971 17112.00383 17502.29679 18356.28108 18615.18293 19029.90211 19579.05114 19885.16023 21288.51363 22377.01324 22631.55888 23412.12496 23971.52253 24851.54841 25424.88923 26099.67084 28736.78736 29047.45526 30259.43684 30599.57028 31463.61030 33168.18152 34941.53113 45172.98819 46994.94971 51875.12330 85598.38644 99861.59892 100164.2287 101282.7462 104858.7403 105727.9003 108183.9453 110114.3716 111698.0777 112403.0690 113700.4094 114263.2144 116730.0933 117785.2217 117879.6987 118177.9633 118571.3742 119101.7456 119884.7909 120676.8072 121167.4227 123280.4230 123597.4764 126143.5099 127910.1945 130203.4129 136820.4761 138628.5440 142043.6617 150424.6834 158845.3136 236932.3145 326483.3178 613357.2440 2615752.471
