    unsorted:	 1542.125688 1542.125688 1542.125688 1542.125688 1542.125688 1542.125688 1542.125688 1542.125688 1542.125688 1542.125688 1542.125688 1542.125688 12284.96480 12152.93115 12408.41675 12637.18553 12747.42383 12911.57397 13087.14884 11899.63326 11559.22824 11569.15715 13464.20255 11334.22139 14064.07013 14293.08957 15019.27554 15182.92446 15323.90120 15951.38692 16092.29431 16235.15533 10420.77583 16804.89047 16901.56192 17127.24271 17523.55542 9221.822767 18385.83681 18628.08158 19014.69916 7264.781811 7306.667650 7549.551758 8122.259638 6872.639561 6627.442059 6541.441256 6206.459304 19631.23865 5190.735211 4682.445913 3985.238458 3877.814457 3597.690543 3344.904731 2595.482556 2647.558207 2495.648491 2398.893553 2354.063957 2844.559980 1986.889017 1872.718712 1694.575511 1661.817538 19881.08286 743.4164532 455.6106089 21261.27224 22382.57833 22648.67072 23439.66057 24006.27908 24883.38101 25451.07169 26130.15180 28779.21920 29081.08133 30282.43747 30640.37816 31496.60895 33122.96198 34930.92995 45237.79474 46998.67301 51875.45672 113644.3636 118088.2413 117806.3990 117735.5649 118507.5576 118991.7068 116625.3744 119758.6391 114219.3939 120555.2684 112345.1683 111622.1600 121032.0921 110061.4460 108131.3420 105729.7184 104867.3103 123187.7715 123499.9179 100163.7511 99861.68938 101276.0718 125989.6179 127725.5178 85577.70941 130037.6979 136584.4741 138443.1712 141851.1663 150198.6638 158728.7549 237823.5527 326066.3743 611269.5653 2611424.103
      sorted:	 455.6106089 743.4164532 1542.125688 1542.125688 1542.125688 1542.125688 1542.125688 1542.125688 1542.125688 1542.125688 1542.125688 1542.125688 1542.125688 1542.125688 1661.817538 1694.575511 1872.718712 1986.889017 2354.063957 2398.893553 2495.648491 2595.482556 2647.558207 2844.559980 3344.904731 3597.690543 3877.814457 3985.238458 4682.445913 5190.735211 6206.459304 6541.441256 6627.442059 6872.639561 7264.781811 7306.667650 7549.551758 8122.259638 9221.822767 10420.77583 11334.22139 11559.22824 11569.15715 11899.63326 12152.93115 12284.96480 12408.41675 12637.18553 12747.42383 12911.57397 13087.14884 13464.20255 14064.07013 14293.08957 15019.27554 15182.92446 15323.90120 15951.38692 16092.29431 16235.15533 16804.89047 16901.56192 17127.24271 17523.55542 18385.83681 18628.08158 19014.69916 19631.23865 19881.08286 21261.27224 22382.57833 22648.67072 23439.66057 24006.27908 24883.38101 25451.07169 26130.15180 28779.21920 29081.08133 30282.43747 30640.37816 31496.60895 33122.96198 34930.92995 45237.79474 46998.67301 51875.45672 85577.70941 99861.68938 100163.7511 101276.0718 104867.3103 105729.7184 108131.3420 110061.4460 111622.1600 112345.1683 113644.3636 114219.3939 116625.3744 117735.5649 117806.3990 118088.2413 118507.5576 118991.7068 119758.6391 120555.2684 121032.0921 123187.7715 123499.9179 125989.6179 127725.5178 130037.6979 136584.4741 138443.1712 141851.1663 150198.6638 158728.7549 237823.5527 326066.3743 611269.5653 2611424.103
