    unsorted:	 1542.125688 1542.125688 1542.125688 1542.125688 1542.125688 1542.125688 1542.125688 1542.125688 1542.125688 1542.125688 1542.125688 1542.125688 12940.38523 12785.81747 12606.79083 12507.74915 12254.91625 12147.85042 12012.77286 11792.60107 13170.00827 11405.69543 11434.84248 11218.81907 13915.60474 14157.50301 14877.51727 14983.84031 15184.11550 15814.25489 15945.14648 16093.74904 16692.06882 16810.41078 17027.22948 17406.51980 10284.31924 18221.62182 18503.07291 18897.44848 19548.14252 19807.02343 8992.155376 6491.787135 7195.395943 7130.604018 7500.240573 7918.934524 6713.611698 6417.767158 6067.154413 5019.748897 4555.018173 3836.725713 3779.575858 3474.763498 3245.537360 2613.981805 2535.655065 2745.577588 2423.449289 2334.175845 2294.222304 1984.947864 1871.141455 1693.306362 1660.769805 21038.69764 737.9673190 22009.71047 22567.90002 453.6837646 23271.16007 23734.47751 24624.50217 25077.93787 25344.24960 26150.79209 26214.64937 25922.81613 28610.82030 28783.84569 28949.87695 30191.57496 30508.10877 31108.48117 31344.41341 32072.19474 32851.24269 34736.99891 35923.99960 37994.86450 39101.01327 39371.50087 40473.29150 40823.36456 42658.11765 44021.25475 43699.56658 44296.84700 45419.71546 45225.60092 45724.34636 46422.36275 46715.27602 47205.48159 50721.04780 50569.06382 51256.99054 51878.04907 52040.93074 55945.91140 59199.70699 64157.91067 67861.02359 69650.25189 78536.04173 85949.71762 230665.2506 327495.1500 616837.6689 2618040.374
      sorted:	 453.6837646 737.9673190 1542.125688 1542.125688 1542.125688 1542.125688 1542.125688 1542.125688 1542.125688 1542.125688 1542.125688 1542.125688 1542.125688 1542.125688 1660.769805 1693.306362 1871.141455 1984.947864 2294.222304 2334.175845 2423.449289 2535.655065 2613.981805 2745.577588 3245.537360 3474.763498 3779.575858 3836.725713 4555.018173 5019.748897 6067.154413 6417.767158 6491.787135 6713.611698 7130.604018 7195.395943 7500.240573 7918.934524 8992.155376 10284.31924 11218.81907 11405.69543 11434.84248 11792.60107 12012.77286 12147.85042 12254.91625 12507.74915 12606.79083 12785.81747 12940.38523 13170.00827 13915.60474 14157.50301 14877.51727 14983.84031 15184.11550 15814.25489 15945.14648 16093.74904 16692.06882 16810.41078 17027.22948 17406.51980 18221.62182 18503.07291 18897.44848 19548.14252 19807.02343 21038.69764 22009.71047 22567.90002 23271.16007 23734.47751 24624.50217 25077.93787 25344.24960 25922.81613 26150.79209 26214.64937 28610.82030 28783.84569 28949.87695 30191.57496 30508.10877 31108.48117 31344.41341 32072.19474 32851.24269 34736.99891 35923.99960 37994.86450 39101.01327 39371.50087 40473.29150 40823.36456 42658.11765 43699.56658 44021.25475 44296.84700 45225.60092 45419.71546 45724.34636 46422.36275 46715.27602 47205.48159 50569.06382 50721.04780 51256.99054 51878.04907 52040.93074 55945.91140 59199.70699 64157.91067 67861.02359 69650.25189 78536.04173 85949.71762 230665.2506 327495.1500 616837.6689 2618040.374
