    unsorted:	 1542.125688 1542.125688 1542.125688 1542.125688 1542.125688 1542.125688 1542.125688 1542.125688 1542.125688 1542.125688 1542.125688 1542.125688 14770.28344 14691.45450 14994.59319 14461.91155 15604.18839 15453.73625 15726.69425 15877.38965 16067.59214 13896.32866 13805.41830 13700.74044 16319.32658 16573.62179 16677.24143 16889.23566 12724.66805 12769.38478 12567.20644 12417.66707 12334.54074 12067.34115 11916.21661 11803.99233 11624.52764 11214.37378 11252.09560 11077.27942 17243.33481 17430.41820 18038.01207 18347.68892 18394.30240 18828.20657 10041.44299 19388.37154 19777.10840 20319.97666 20410.71736 9143.824634 8695.892440 7798.028163 7554.814376 7316.734015 7040.075353 6896.858243 6291.849082 6467.660048 6215.183204 5864.222156 5611.936056 21040.76927 4750.344686 4348.365642 2526.430074 2509.581300 2497.414295 2553.399284 2424.199847 2678.659002 2311.415469 2237.913190 2208.677945 3091.395842 3280.889195 3605.154724 3666.790328 1976.209236 1865.333471 1689.778014 1658.207650 21564.95570 21967.19641 22098.98015 22428.74221 22562.35763 22987.41719 23144.18663 23485.36159 723.3826655 432.7953910 24114.15831 24466.96928 25038.27715 25669.27517 27925.12420 28048.45266 28350.50816 28673.60639 28932.05761 29499.45830 30026.86766 30385.32991 31025.70171 32339.37547 33627.45127 34769.38712 38125.45054 40533.49646 43211.91477 45987.69967 46439.78878 48069.37257 51878.47496 58189.04105 64847.43208 229471.3450 328013.2227 621783.0928 2625438.716
      sorted:	 432.7953910 723.3826655 1542.125688 1542.125688 1542.125688 1542.125688 1542.125688 1542.125688 1542.125688 1542.125688 1542.125688 1542.125688 1542.125688 1542.125688 1658.207650 1689.778014 1865.333471 1976.209236 2208.677945 2237.913190 2311.415469 2424.199847 2497.414295 2509.581300 2526.430074 2553.399284 2678.659002 3091.395842 3280.889195 3605.154724 3666.790328 4348.365642 4750.344686 5611.936056 5864.222156 6215.183204 6291.849082 6467.660048 6896.858243 7040.075353 7316.734015 7554.814376 7798.028163 8695.892440 9143.824634 10041.44299 11077.27942 11214.37378 11252.09560 11624.52764 11803.99233 11916.21661 12067.34115 12334.54074 12417.66707 12567.20644 12724.66805 12769.38478 13700.74044 13805.41830 13896.32866 14461.91155 14691.45450 14770.28344 14994.59319 15453.73625 15604.18839 15726.69425 15877.38965 16067.59214 16319.32658 16573.62179 16677.24143 16889.23566 17243.33481 17430.41820 18038.01207 18347.68892 18394.30240 18828.20657 19388.37154 19777.10840 20319.97666 20410.71736 21040.76927 21564.95570 21967.19641 22098.98015 22428.74221 22562.35763 22987.41719 23144.18663 23485.36159 24114.15831 24466.96928 25038.27715 25669.27517 27925.12420 28048.45266 28350.50816 28673.60639 28932.05761 29499.45830 30026.86766 30385.32991 31025.70171 32339.37547 33627.45127 34769.38712 38125.45054 40533.49646 43211.91477 45987.69967 46439.78878 48069.37257 51878.47496 58189.04105 64847.43208 229471.3450 328013.2227 621783.0928 2625438.716
