    unsorted:	 1542.125688 1542.125688 1542.125688 1542.125688 1542.125688 1542.125688 1542.125688 1542.125688 1542.125688 1542.125688 1542.125688 1542.125688 15616.32987 15724.20177 15874.81945 15438.34150 16053.35294 15040.94611 14774.12030 14679.36817 16309.94333 16580.18286 16675.16146 14452.38791 16891.56236 13880.33024 13791.19440 13688.45553 17232.22982 17413.65818 12762.31492 12713.09839 12607.99057 12399.27034 12315.60908 12055.44249 11930.34431 11831.36053 11618.11753 11201.41074 11242.22491 11067.48777 18037.12413 18333.94887 18385.75628 18818.82443 10107.50129 19405.55498 19763.36424 20304.01319 20388.71748 9140.447667 8682.878566 20998.99472 7792.242871 7552.822274 7321.280833 7033.240760 6953.012392 6508.367278 6304.123750 6251.256813 5903.146672 5613.874470 21554.83567 21954.16966 22087.38612 22424.79981 22546.70584 22972.91097 23128.17173 4778.075156 4382.111669 2521.165135 2526.442710 2497.775792 2552.876444 2432.372904 2677.404417 2321.605341 2244.173888 2216.436328 3111.795871 3303.493209 3633.383636 3681.850492 1979.260884 1866.925755 1690.082132 1658.154168 23476.36044 723.7351590 24098.77868 24456.30860 434.0299463 25022.01637 25662.75321 27915.69092 28033.44488 28347.34279 28666.45843 28917.88840 29491.29220 30025.57854 30380.14963 31030.93505 32338.73656 33610.29762 34760.11579 38117.94931 40522.22987 43215.01120 45974.97761 46442.99121 48062.88699 51878.41648 58197.77096 64816.20882 230635.4654 327935.3999 621215.6828 2623514.146
      sorted:	 434.0299463 723.7351590 1542.125688 1542.125688 1542.125688 1542.125688 1542.125688 1542.125688 1542.125688 1542.125688 1542.125688 1542.125688 1542.125688 1542.125688 1658.154168 1690.082132 1866.925755 1979.260884 2216.436328 2244.173888 2321.605341 2432.372904 2497.775792 2521.165135 2526.442710 2552.876444 2677.404417 3111.795871 3303.493209 3633.383636 3681.850492 4382.111669 4778.075156 5613.874470 5903.146672 6251.256813 6304.123750 6508.367278 6953.012392 7033.240760 7321.280833 7552.822274 7792.242871 8682.878566 9140.447667 10107.50129 11067.48777 11201.41074 11242.22491 11618.11753 11831.36053 11930.34431 12055.44249 12315.60908 12399.27034 12607.99057 12713.09839 12762.31492 13688.45553 13791.19440 13880.33024 14452.38791 14679.36817 14774.12030 15040.94611 15438.34150 15616.32987 15724.20177 15874.81945 16053.35294 16309.94333 16580.18286 16675.16146 16891.56236 17232.22982 17413.65818 18037.12413 18333.94887 18385.75628 18818.82443 19405.55498 19763.36424 20304.01319 20388.71748 20998.99472 21554.83567 21954.16966 22087.38612 22424.79981 22546.70584 22972.91097 23128.17173 23476.36044 24098.77868 24456.30860 25022.01637 25662.75321 27915.69092 28033.44488 28347.34279 28666.45843 28917.88840 29491.29220 30025.57854 30380.14963 31030.93505 32338.73656 33610.29762 34760.11579 38117.94931 40522.22987 43215.01120 45974.97761 46442.99121 48062.88699 51878.41648 58197.77096 64816.20882 230635.4654 327935.3999 621215.6828 2623514.146
